
2018-10-12 14:35:49,753: 
 -- e:/yangsen/ysstronger/pose/github-ys/human-pose-estimation.pytorch/meta-batch/03_Meta-batch.py 
 --[line:276]
 -- INFO: ==>> difficult table is 
tensor([[2., 0., 0., 0., 2., 0., 2., 0., 0., 2.],
        [2., 2., 2., 0., 0., 0., 0., 0., 0., 1.],
        [2., 0., 0., 0., 1., 0., 0., 0., 0., 0.],
        [2., 1., 0., 0., 0., 0., 0., 0., 0., 0.],
        [2., 0., 1., 0., 0., 0., 0., 0., 1., 0.],
        [2., 0., 2., 0., 0., 2., 2., 0., 0., 0.],
        [2., 0., 0., 0., 1., 0., 0., 0., 0., 0.],
        [2., 2., 0., 2., 0., 0., 2., 0., 0., 0.],
        [2., 0., 0., 0., 0., 0., 0., 0., 1., 1.],
        [2., 0., 0., 0., 0., 0., 0., 0., 0., 0.],
        [2., 0., 0., 0., 0., 1., 0., 0., 0., 1.],
        [2., 1., 0., 0., 0., 0., 0., 1., 0., 0.],
        [2., 0., 0., 0., 2., 2., 0., 2., 2., 0.],
        [2., 0., 0., 0., 0., 0., 0., 0., 0., 0.],
        [2., 0., 2., 0., 0., 2., 0., 0., 2., 0.],
        [2., 0., 0., 0., 0., 1., 0., 1., 1., 0.],
        [2., 0., 0., 0., 0., 0., 1., 1., 0., 0.],
        [2., 0., 0., 0., 0., 0., 1., 0., 1., 1.],
        [2., 2., 0., 2., 0., 0., 0., 0., 0., 0.],
        [2., 2., 0., 2., 2., 0., 0., 0., 0., 0.],
        [2., 0., 0., 0., 0., 0., 0., 0., 1., 0.],
        [2., 0., 0., 2., 0., 0., 0., 2., 0., 0.],
        [2., 0., 1., 0., 1., 0., 1., 0., 0., 1.],
        [2., 0., 1., 0., 0., 0., 1., 0., 0., 0.],
        [2., 1., 0., 0., 1., 1., 0., 0., 0., 0.],
        [2., 0., 0., 2., 0., 0., 2., 2., 0., 2.],
        [2., 0., 0., 0., 0., 1., 0., 1., 0., 0.],
        [2., 1., 2., 2., 0., 0., 0., 0., 0., 0.],
        [2., 0., 0., 2., 2., 0., 0., 0., 2., 2.],
        [2., 0., 0., 0., 0., 0., 0., 0., 0., 0.],
        [2., 0., 0., 2., 0., 0., 0., 2., 0., 0.],
        [2., 0., 0., 0., 1., 0., 1., 0., 0., 0.],
        [2., 0., 0., 0., 0., 0., 0., 0., 0., 1.],
        [2., 0., 1., 0., 0., 1., 0., 0., 1., 0.],
        [2., 0., 1., 0., 0., 1., 0., 0., 0., 0.],
        [2., 1., 0., 2., 0., 0., 0., 2., 0., 0.]])
0:easy
1:medium
2:hard

2018-10-12 14:36:15,270: 
 -- e:/yangsen/ysstronger/pose/github-ys/human-pose-estimation.pytorch/meta-batch/03_Meta-batch.py 
 --[line:277]
 -- INFO: ==>> difficult table is 
tensor([[2., 0., 0., 2., 0., 0., 0., 2., 0., 2.],
        [2., 0., 0., 0., 0., 0., 0., 0., 1., 0.],
        [2., 2., 0., 0., 0., 0., 0., 0., 0., 0.],
        [2., 1., 0., 0., 0., 0., 0., 0., 0., 1.],
        [2., 0., 0., 2., 0., 0., 2., 0., 0., 2.],
        [2., 2., 0., 0., 0., 2., 2., 0., 2., 0.],
        [2., 0., 0., 0., 0., 1., 0., 1., 0., 0.],
        [2., 0., 2., 2., 0., 2., 0., 2., 2., 0.],
        [2., 0., 2., 0., 0., 2., 2., 0., 0., 0.],
        [2., 0., 0., 2., 2., 0., 0., 2., 2., 2.],
        [2., 0., 0., 0., 1., 1., 0., 1., 0., 1.],
        [2., 1., 0., 0., 0., 0., 0., 0., 1., 0.],
        [2., 0., 0., 0., 1., 0., 0., 1., 0., 1.],
        [2., 0., 2., 0., 0., 0., 0., 0., 0., 0.],
        [2., 0., 0., 0., 0., 0., 0., 1., 0., 0.],
        [2., 0., 0., 0., 1., 1., 1., 0., 0., 0.],
        [2., 0., 0., 0., 0., 0., 1., 0., 0., 0.],
        [2., 0., 0., 0., 0., 0., 0., 0., 0., 0.],
        [2., 0., 0., 0., 0., 0., 0., 0., 0., 0.],
        [2., 0., 0., 0., 0., 1., 1., 0., 0., 0.],
        [2., 0., 0., 0., 0., 0., 0., 0., 0., 1.],
        [2., 0., 0., 0., 1., 0., 0., 0., 0., 0.],
        [2., 1., 0., 2., 0., 0., 0., 0., 0., 0.],
        [2., 0., 0., 2., 0., 0., 0., 0., 1., 0.],
        [2., 0., 0., 0., 0., 0., 0., 0., 0., 0.],
        [2., 0., 2., 0., 0., 2., 0., 0., 0., 2.],
        [2., 0., 2., 0., 2., 0., 0., 0., 0., 0.],
        [2., 0., 0., 0., 0., 0., 0., 0., 0., 0.],
        [2., 0., 0., 2., 2., 0., 0., 0., 2., 0.],
        [2., 0., 2., 0., 2., 0., 0., 0., 0., 0.],
        [2., 1., 2., 0., 0., 0., 2., 0., 0., 0.],
        [2., 0., 2., 0., 2., 0., 0., 0., 0., 0.],
        [2., 1., 2., 0., 0., 0., 2., 0., 0., 2.],
        [2., 0., 0., 2., 0., 0., 0., 0., 1., 0.],
        [2., 1., 0., 0., 0., 1., 1., 1., 1., 0.],
        [2., 2., 0., 2., 0., 0., 0., 2., 0., 0.]])
0:easy
1:medium
2:hard

2018-10-12 14:37:07,664: 
 -- e:/yangsen/ysstronger/pose/github-ys/human-pose-estimation.pytorch/meta-batch/03_Meta-batch.py 
 --[line:277]
 -- INFO: ==>> difficult table is 
tensor([[ 80.,  60.,  40.,  20.,   0., -20., -20., -20., -20.,   0.],
        [ 80.,  60., 100.,  80.,  60.,  40.,  20.,   0., -20.,   0.],
        [ 80.,  60.,  40.,  20.,   0., -20., -20., -20., -20.,   0.],
        [ 80.,  60.,  40.,  20.,   0., -20., -20., -20., -20.,   0.],
        [140., 140.,  80.,  60.,  40.,  20.,   0., -20., -20.,   0.],
        [ 80., 120., 140.,  80., 120., 140.,  80.,  60.,  40.,  40.],
        [140.,  80.,  60.,  40.,  20.,   0., -20., -20., -20.,   0.],
        [ 80.,  60.,  40.,  20.,   0., -20., -20., -20., -20.,   0.],
        [ 80.,  60.,  40.,  20.,   0., -20., -20., -20., -20.,   0.],
        [ 80.,  60.,  40.,  20.,   0., -20., -20., -20., -20.,   0.],
        [140., 140., 140., 140., 140.,  80.,  60., 100., 140., 100.],
        [ 80.,  60.,  40.,  20.,   0., -20., -20., -20., -20.,   0.],
        [ 80.,  60.,  40.,  20.,   0., -20., -20., -20., -20.,   0.],
        [ 80.,  60.,  40.,  20.,   0., -20., -20., -20., -20.,   0.],
        [ 80.,  60., 100.,  80.,  60.,  40.,  80.,  60.,  40.,  40.],
        [ 80.,  60.,  40.,  20.,   0., -20., -20., -20., -20.,   0.],
        [140.,  80., 120.,  80.,  60.,  40.,  20.,   0., -20.,   0.],
        [ 80., 120.,  80.,  60., 100.,  80.,  60.,  40.,  80.,  80.],
        [ 80.,  60., 100., 140.,  80., 120.,  80.,  60.,  40.,  40.],
        [ 80., 120., 140., 140.,  80.,  60.,  40.,  20.,   0.,   0.],
        [ 80.,  60.,  40.,  20.,   0., -20., -20., -20., -20.,   0.],
        [ 80.,  60.,  40.,  20.,   0., -20., -20., -20., -20.,   0.],
        [ 80.,  60., 100.,  80.,  60., 100.,  80.,  60.,  40.,  40.],
        [ 80.,  60.,  40.,  20.,   0., -20., -20., -20., -20.,   0.],
        [ 80.,  60.,  40.,  20.,   0., -20., -20., -20., -20.,   0.],
        [ 80.,  60.,  40.,  20.,   0., -20., -20., -20., -20.,   0.],
        [ 80.,  60.,  40.,  20.,   0., -20., -20., -20., -20.,   0.],
        [ 80.,  60.,  40.,  20.,   0., -20., -20., -20., -20.,   0.],
        [ 80.,  60.,  40.,  20.,   0., -20., -20., -20., -20.,   0.],
        [ 80.,  60., 100.,  80., 120.,  80.,  60., 100.,  80.,  80.],
        [ 80., 120.,  80., 120.,  80.,  60.,  40.,  20.,   0.,   0.],
        [ 80.,  60.,  40.,  20.,   0., -20., -20., -20., -20.,   0.],
        [ 80.,  60.,  40.,  20.,   0., -20., -20., -20., -20.,   0.],
        [ 80.,  60.,  40.,  80.,  60.,  40.,  20.,   0., -20.,   0.],
        [ 80., 120.,  80., 120.,  80.,  60.,  40.,  20.,   0.,   0.],
        [140.,  80.,  60.,  40.,  20.,   0., -20., -20., -20.,   0.]])
0:easy
1:medium
2:hard

2018-10-12 14:37:48,658: 
 -- e:/yangsen/ysstronger/pose/github-ys/human-pose-estimation.pytorch/meta-batch/03_Meta-batch.py 
 --[line:277]
 -- INFO: ==>> difficult table is 
tensor([[ 80.,  60.,  40.,  20.,   0., -20., -20., -20., -20.,   0.],
        [140.,  80.,  60., 100.,  80.,  60., 100., 140.,  80.,  80.],
        [ 80.,  60.,  40.,  20.,   0., -20., -20., -20., -20.,   0.],
        [ 80.,  60.,  40.,  20.,   0., -20., -20., -20., -20.,   0.],
        [ 80.,  60., 100.,  80.,  60., 100., 140., 140.,  80.,  80.],
        [ 80.,  60.,  40.,  20.,   0., -20., -20., -20., -20.,   0.],
        [ 80., 120.,  80.,  60.,  40.,  80.,  60.,  40.,  80.,  80.],
        [ 80.,  60.,  40.,  80.,  60., 100., 140.,  80.,  60.,  60.],
        [ 80.,  60., 100., 140.,  80.,  60., 100.,  80., 120., 100.],
        [ 80.,  60.,  40.,  20.,   0., -20., -20., -20., -20.,   0.],
        [ 80.,  60., 100.,  80.,  60.,  40.,  20.,   0., -20.,   0.],
        [ 80., 120., 140.,  80., 120.,  80., 120.,  80.,  60.,  60.],
        [ 80.,  60.,  40.,  20.,   0., -20., -20., -20., -20.,   0.],
        [ 80.,  60.,  40.,  20.,   0., -20., -20., -20., -20.,   0.],
        [ 80.,  60.,  40.,  20.,   0., -20., -20., -20., -20.,   0.],
        [ 80.,  60., 100.,  80.,  60.,  40.,  20.,   0., -20.,   0.],
        [ 80., 120.,  80., 120.,  80.,  60.,  40.,  20.,   0.,   0.],
        [ 80.,  60.,  40.,  20.,   0., -20., -20., -20., -20.,   0.],
        [ 80.,  60.,  40.,  20.,   0., -20., -20., -20., -20.,   0.],
        [ 80., 120.,  80.,  60.,  40.,  20.,   0., -20., -20.,   0.],
        [ 80., 120.,  80.,  60.,  40.,  80.,  60.,  40.,  20.,  20.],
        [ 80., 120.,  80.,  60., 100.,  80.,  60.,  40.,  80.,  80.],
        [140., 140., 140., 140.,  80.,  60.,  40.,  20.,   0.,   0.],
        [ 80., 120.,  80.,  60.,  40.,  20.,   0., -20., -20.,   0.],
        [140., 140.,  80.,  60.,  40.,  20.,   0., -20., -20.,   0.],
        [ 80.,  60.,  40.,  20.,   0., -20., -20., -20., -20.,   0.],
        [ 80.,  60.,  40.,  80.,  60., 100.,  80., 120.,  80.,  80.],
        [140.,  80.,  60.,  40.,  20.,   0., -20., -20., -20.,   0.],
        [ 80.,  60.,  40.,  20.,   0., -20., -20., -20., -20.,   0.],
        [ 80.,  60., 100.,  80.,  60., 100.,  80.,  60.,  40.,  40.],
        [ 80.,  60.,  40.,  20.,   0., -20., -20., -20., -20.,   0.],
        [140.,  80., 120.,  80., 120.,  80.,  60.,  40.,  20.,  20.],
        [ 80.,  60.,  40.,  80., 120., 140., 140.,  80.,  60.,  60.],
        [ 80.,  60.,  40.,  80.,  60.,  40.,  20.,   0., -20.,   0.],
        [ 80.,  60.,  40.,  20.,   0., -20., -20., -20., -20.,   0.],
        [ 80.,  60., 100.,  80.,  60.,  40.,  20.,   0., -20.,   0.]])
0:easy
1:medium
2:hard

2018-10-12 14:41:36,801: 
 -- e:/yangsen/ysstronger/pose/github-ys/human-pose-estimation.pytorch/meta-batch/03_Meta-batch.py 
 --[line:277]
 -- INFO: ==>> difficult table is 
tensor([[ 80.,  60.,  40.,  20.,   0., -20., -20., -20., -20.,   0.],
        [ 80.,  60.,  40.,  20.,   0., -20., -20., -20., -20.,   0.],
        [ 80., 120.,  80.,  60.,  40.,  80.,  60.,  40.,  20.,  20.],
        [ 80., 120.,  80., 120.,  80.,  60.,  40.,  20.,   0.,   0.],
        [140.,  80.,  60., 100.,  80.,  60., 100.,  80.,  60.,  60.],
        [ 80.,  60.,  40.,  20.,   0., -20., -20., -20., -20.,   0.],
        [ 80.,  60., 100.,  80.,  60.,  40.,  20.,   0., -20.,   0.],
        [ 80.,  60., 100., 140.,  80.,  60.,  40.,  20.,   0.,   0.],
        [ 80.,  60.,  40.,  20.,   0., -20., -20., -20., -20.,   0.],
        [ 80.,  60.,  40.,  20.,   0., -20., -20., -20., -20.,   0.],
        [ 80.,  60.,  40.,  20.,   0., -20., -20., -20., -20.,   0.],
        [140.,  80., 120., 140.,  80., 120., 140.,  80.,  60.,  60.],
        [ 80.,  60.,  40.,  20.,   0., -20., -20., -20., -20.,   0.],
        [ 80.,  60.,  40.,  20.,   0., -20., -20., -20., -20.,   0.],
        [ 80., 120.,  80.,  60., 100.,  80.,  60., 100., 140., 100.],
        [140.,  80., 120.,  80., 120.,  80.,  60.,  40.,  20.,  20.],
        [ 80., 120., 140.,  80.,  60.,  40.,  80.,  60.,  40.,  40.],
        [ 80.,  60.,  40.,  20.,   0., -20., -20., -20., -20.,   0.],
        [ 80.,  60.,  40.,  20.,   0., -20., -20., -20., -20.,   0.],
        [ 80.,  60., 100.,  80.,  60.,  40.,  20.,   0., -20.,   0.],
        [ 80.,  60., 100., 140.,  80.,  60.,  40.,  80.,  60.,  60.],
        [ 80.,  60., 100.,  80., 120., 140.,  80.,  60.,  40.,  40.],
        [ 80.,  60.,  40.,  20.,   0., -20., -20., -20., -20.,   0.],
        [140.,  80.,  60.,  40.,  20.,   0., -20., -20., -20.,   0.],
        [ 80.,  60.,  40.,  80.,  60., 100.,  80.,  60., 100., 100.],
        [ 80.,  60.,  40.,  20.,   0., -20., -20., -20., -20.,   0.],
        [ 80.,  60.,  40.,  20.,   0., -20., -20., -20., -20.,   0.],
        [ 80., 120.,  80.,  60., 100.,  80.,  60.,  40.,  80.,  80.],
        [ 80.,  60.,  40.,  20.,   0., -20., -20., -20., -20.,   0.],
        [ 80.,  60.,  40.,  20.,   0., -20., -20., -20., -20.,   0.],
        [ 80.,  60.,  40.,  20.,   0., -20., -20., -20., -20.,   0.],
        [ 80.,  60.,  40.,  20.,   0., -20., -20., -20., -20.,   0.],
        [ 80.,  60.,  40.,  20.,   0., -20., -20., -20., -20.,   0.],
        [ 80., 120., 140.,  80.,  60., 100., 140., 140.,  80.,  80.],
        [140.,  80.,  60.,  40.,  20.,   0., -20., -20., -20.,   0.],
        [140., 140.,  80.,  60., 100., 140.,  80.,  60.,  40.,  40.]])
0:easy
1:medium
2:hard

2018-10-12 14:42:18,112: 
 -- e:/yangsen/ysstronger/pose/github-ys/human-pose-estimation.pytorch/meta-batch/03_Meta-batch.py 
 --[line:277]
 -- INFO: ==>> difficult table is 
tensor([[ 80., -20., -20., -20., -20., -20., -20., -20., -20.,   0.],
        [ 80., -20., -20., -20., -20., -20., -20., -20., -20.,   0.],
        [ 80., -20., -20., -20., -20., -20., -20., -20., -20.,   0.],
        [ 80., -20., -20., -20., -20., -20., -20., -20., -20.,   0.],
        [ 80., -20., -20., -20., -20., -20., -20., -20., -20.,   0.],
        [ 80., -20., -20., -20., -20., -20., -20., -20., -20.,   0.],
        [ 80., -20., -20., -20., -20., -20., -20., -20., -20.,   0.],
        [ 80., -20., -20., -20., -20., -20., -20., -20., -20.,   0.],
        [ 80., -20., -20., -20., -20., -20., -20., -20., -20.,   0.],
        [ 80., -20., -20., -20., -20., -20., -20., -20., -20.,   0.],
        [ 80., -20., -20., -20., -20., -20., -20., -20., -20.,   0.],
        [140., -20., -20., -20., -20., -20., -20., -20., -20.,   0.],
        [ 80., -20., -20., -20., -20., -20., -20., -20., -20.,   0.],
        [ 80., -20., -20., -20., -20., -20., -20., -20., -20.,   0.],
        [140., -20., -20., -20., -20., -20., -20., -20., -20.,   0.],
        [ 80., -20., -20., -20., -20., -20., -20., -20., -20.,   0.],
        [ 80., -20., -20., -20., -20., -20., -20., -20., -20.,   0.],
        [ 80., -20., -20., -20., -20., -20., -20., -20., -20.,   0.],
        [ 80., -20., -20., -20., -20., -20., -20., -20., -20.,   0.],
        [ 80., -20., -20., -20., -20., -20., -20., -20., -20.,   0.],
        [ 80., -20., -20., -20., -20., -20., -20., -20., -20.,   0.],
        [ 80., -20., -20., -20., -20., -20., -20., -20., -20.,   0.],
        [ 80., -20., -20., -20., -20., -20., -20., -20., -20.,   0.],
        [ 80., -20., -20., -20., -20., -20., -20., -20., -20.,   0.],
        [ 80., -20., -20., -20., -20., -20., -20., -20., -20.,   0.],
        [ 80., -20., -20., -20., -20., -20., -20., -20., -20.,   0.],
        [ 80., -20., -20., -20., -20., -20., -20., -20., -20.,   0.],
        [ 80., -20., -20., -20., -20., -20., -20., -20., -20.,   0.],
        [ 80., -20., -20., -20., -20., -20., -20., -20., -20.,   0.],
        [140., -20., -20., -20., -20., -20., -20., -20., -20.,   0.],
        [ 80., -20., -20., -20., -20., -20., -20., -20., -20.,   0.],
        [ 80., -20., -20., -20., -20., -20., -20., -20., -20.,   0.],
        [ 80., -20., -20., -20., -20., -20., -20., -20., -20.,   0.],
        [ 80., -20., -20., -20., -20., -20., -20., -20., -20.,   0.],
        [ 80., -20., -20., -20., -20., -20., -20., -20., -20.,   0.],
        [ 80., -20., -20., -20., -20., -20., -20., -20., -20.,   0.]])
0:easy
1:medium
2:hard

2018-10-12 14:45:06,559: 
 -- e:/yangsen/ysstronger/pose/github-ys/human-pose-estimation.pytorch/meta-batch/03_Meta-batch.py 
 --[line:277]
 -- INFO: ==>> difficult table is 
tensor([[100.,   0.,   0.,   0.,   0.,   0.,   0.,   0.,   0.,   0.],
        [100.,   0.,   0.,   0.,   0.,   0.,   0.,   0.,   0.,   0.],
        [100.,   0.,   0.,   0.,   0.,   0.,   0.,   0.,   0.,   0.],
        [100.,   0.,   0.,   0.,   0.,   0.,   0.,   0.,   0.,   0.],
        [100.,   0.,   0.,   0.,   0.,   0.,   0.,   0.,   0.,   0.],
        [100.,   0.,   0.,   0.,   0.,   0.,   0.,   0.,   0.,   0.],
        [100.,   0.,   0.,   0.,   0.,   0.,   0.,   0.,   0.,   0.],
        [100.,   0.,   0.,   0.,   0.,   0.,   0.,   0.,   0.,   0.],
        [100.,   0.,   0.,   0.,   0.,   0.,   0.,   0.,   0.,   0.],
        [100.,   0.,   0.,   0.,   0.,   0.,   0.,   0.,   0.,   0.],
        [100.,   0.,   0.,   0.,   0.,   0.,   0.,   0.,   0.,   0.],
        [100.,   0.,   0.,   0.,   0.,   0.,   0.,   0.,   0.,   0.],
        [100.,   0.,   0.,   0.,   0.,   0.,   0.,   0.,   0.,   0.],
        [100.,   0.,   0.,   0.,   0.,   0.,   0.,   0.,   0.,   0.],
        [100.,   0.,   0.,   0.,   0.,   0.,   0.,   0.,   0.,   0.],
        [100.,   0.,   0.,   0.,   0.,   0.,   0.,   0.,   0.,   0.],
        [100.,   0.,   0.,   0.,   0.,   0.,   0.,   0.,   0.,   0.],
        [100.,   0.,   0.,   0.,   0.,   0.,   0.,   0.,   0.,   0.],
        [100.,   0.,   0.,   0.,   0.,   0.,   0.,   0.,   0.,   0.],
        [100.,   0.,   0.,   0.,   0.,   0.,   0.,   0.,   0.,   0.],
        [100.,   0.,   0.,   0.,   0.,   0.,   0.,   0.,   0.,   0.],
        [100.,   0.,   0.,   0.,   0.,   0.,   0.,   0.,   0.,   0.],
        [100.,   0.,   0.,   0.,   0.,   0.,   0.,   0.,   0.,   0.],
        [100.,   0.,   0.,   0.,   0.,   0.,   0.,   0.,   0.,   0.],
        [100.,   0.,   0.,   0.,   0.,   0.,   0.,   0.,   0.,   0.],
        [100.,   0.,   0.,   0.,   0.,   0.,   0.,   0.,   0.,   0.],
        [100.,   0.,   0.,   0.,   0.,   0.,   0.,   0.,   0.,   0.],
        [100.,   0.,   0.,   0.,   0.,   0.,   0.,   0.,   0.,   0.],
        [100.,   0.,   0.,   0.,   0.,   0.,   0.,   0.,   0.,   0.],
        [100.,   0.,   0.,   0.,   0.,   0.,   0.,   0.,   0.,   0.],
        [100.,   0.,   0.,   0.,   0.,   0.,   0.,   0.,   0.,   0.],
        [100.,   0.,   0.,   0.,   0.,   0.,   0.,   0.,   0.,   0.],
        [100.,   0.,   0.,   0.,   0.,   0.,   0.,   0.,   0.,   0.],
        [100.,   0.,   0.,   0.,   0.,   0.,   0.,   0.,   0.,   0.],
        [100.,   0.,   0.,   0.,   0.,   0.,   0.,   0.,   0.,   0.],
        [100.,   0.,   0.,   0.,   0.,   0.,   0.,   0.,   0.,   0.]])
0:easy
1:medium
2:hard

2018-10-12 14:45:39,533: 
 -- e:/yangsen/ysstronger/pose/github-ys/human-pose-estimation.pytorch/meta-batch/03_Meta-batch.py 
 --[line:277]
 -- INFO: ==>> difficult table is 
tensor([[ 80., -20., -20., -20., -20., -20., -20., -20., -20.,   0.],
        [ 80., -20., -20., -20., -20., -20., -20., -20., -20.,   0.],
        [ 80., -20., -20., -20., -20., -20., -20., -20., -20.,   0.],
        [ 80., -20., -20., -20., -20., -20., -20., -20., -20.,   0.],
        [ 80., -20., -20., -20., -20., -20., -20., -20., -20.,   0.],
        [ 80., -20., -20., -20., -20., -20., -20., -20., -20.,   0.],
        [ 80., -20., -20., -20., -20., -20., -20., -20., -20.,   0.],
        [ 80., -20., -20., -20., -20., -20., -20., -20., -20.,   0.],
        [ 80., -20., -20., -20., -20., -20., -20., -20., -20.,   0.],
        [ 80., -20., -20., -20., -20., -20., -20., -20., -20.,   0.],
        [ 80., -20., -20., -20., -20., -20., -20., -20., -20.,   0.],
        [ 80., -20., -20., -20., -20., -20., -20., -20., -20.,   0.],
        [ 80., -20., -20., -20., -20., -20., -20., -20., -20.,   0.],
        [ 80., -20., -20., -20., -20., -20., -20., -20., -20.,   0.],
        [ 80., -20., -20., -20., -20., -20., -20., -20., -20.,   0.],
        [ 80., -20., -20., -20., -20., -20., -20., -20., -20.,   0.],
        [ 80., -20., -20., -20., -20., -20., -20., -20., -20.,   0.],
        [ 80., -20., -20., -20., -20., -20., -20., -20., -20.,   0.],
        [ 80., -20., -20., -20., -20., -20., -20., -20., -20.,   0.],
        [140., -20., -20., -20., -20., -20., -20., -20., -20.,   0.],
        [ 80., -20., -20., -20., -20., -20., -20., -20., -20.,   0.],
        [ 80., -20., -20., -20., -20., -20., -20., -20., -20.,   0.],
        [ 80., -20., -20., -20., -20., -20., -20., -20., -20.,   0.],
        [ 80., -20., -20., -20., -20., -20., -20., -20., -20.,   0.],
        [ 80., -20., -20., -20., -20., -20., -20., -20., -20.,   0.],
        [ 80., -20., -20., -20., -20., -20., -20., -20., -20.,   0.],
        [ 80., -20., -20., -20., -20., -20., -20., -20., -20.,   0.],
        [ 80., -20., -20., -20., -20., -20., -20., -20., -20.,   0.],
        [ 80., -20., -20., -20., -20., -20., -20., -20., -20.,   0.],
        [ 80., -20., -20., -20., -20., -20., -20., -20., -20.,   0.],
        [ 80., -20., -20., -20., -20., -20., -20., -20., -20.,   0.],
        [ 80., -20., -20., -20., -20., -20., -20., -20., -20.,   0.],
        [ 80., -20., -20., -20., -20., -20., -20., -20., -20.,   0.],
        [ 80., -20., -20., -20., -20., -20., -20., -20., -20.,   0.],
        [ 80., -20., -20., -20., -20., -20., -20., -20., -20.,   0.],
        [ 80., -20., -20., -20., -20., -20., -20., -20., -20.,   0.]])
0:easy
1:medium
2:hard

2018-10-12 14:51:30,540: 
 -- e:/yangsen/ysstronger/pose/github-ys/human-pose-estimation.pytorch/meta-batch/03_Meta-batch.py 
 --[line:278]
 -- INFO: ==>> difficult table is 
tensor([[ 80., -20., -20., -20., -20., -20., -20., -20., -20.,   0.],
        [ 80., -20., -20., -20., -20., -20., -20., -20., -20.,   0.],
        [ 80., -20., -20., -20., -20., -20., -20., -20., -20.,   0.],
        [ 80., -20., -20., -20., -20., -20., -20., -20., -20.,   0.],
        [ 80., -20., -20., -20., -20., -20., -20., -20., -20.,   0.],
        [ 80., -20., -20., -20., -20., -20., -20., -20., -20.,   0.],
        [ 80., -20., -20., -20., -20., -20., -20., -20., -20.,   0.],
        [ 80., -20., -20., -20., -20., -20., -20., -20., -20.,   0.],
        [ 80., -20., -20., -20., -20., -20., -20., -20., -20.,   0.],
        [ 80., -20., -20., -20., -20., -20., -20., -20., -20.,   0.],
        [ 80., -20., -20., -20., -20., -20., -20., -20., -20.,   0.],
        [140., -20., -20., -20., -20., -20., -20., -20., -20.,   0.],
        [ 80., -20., -20., -20., -20., -20., -20., -20., -20.,   0.],
        [140., -20., -20., -20., -20., -20., -20., -20., -20.,   0.],
        [ 80., -20., -20., -20., -20., -20., -20., -20., -20.,   0.],
        [ 80., -20., -20., -20., -20., -20., -20., -20., -20.,   0.],
        [ 80., -20., -20., -20., -20., -20., -20., -20., -20.,   0.],
        [ 80., -20., -20., -20., -20., -20., -20., -20., -20.,   0.],
        [ 80., -20., -20., -20., -20., -20., -20., -20., -20.,   0.],
        [ 80., -20., -20., -20., -20., -20., -20., -20., -20.,   0.],
        [ 80., -20., -20., -20., -20., -20., -20., -20., -20.,   0.],
        [ 80., -20., -20., -20., -20., -20., -20., -20., -20.,   0.],
        [140., -20., -20., -20., -20., -20., -20., -20., -20.,   0.],
        [ 80., -20., -20., -20., -20., -20., -20., -20., -20.,   0.],
        [ 80., -20., -20., -20., -20., -20., -20., -20., -20.,   0.],
        [ 80., -20., -20., -20., -20., -20., -20., -20., -20.,   0.],
        [ 80., -20., -20., -20., -20., -20., -20., -20., -20.,   0.],
        [ 80., -20., -20., -20., -20., -20., -20., -20., -20.,   0.],
        [140., -20., -20., -20., -20., -20., -20., -20., -20.,   0.],
        [140., -20., -20., -20., -20., -20., -20., -20., -20.,   0.],
        [ 80., -20., -20., -20., -20., -20., -20., -20., -20.,   0.],
        [ 80., -20., -20., -20., -20., -20., -20., -20., -20.,   0.],
        [ 80., -20., -20., -20., -20., -20., -20., -20., -20.,   0.],
        [ 80., -20., -20., -20., -20., -20., -20., -20., -20.,   0.],
        [ 80., -20., -20., -20., -20., -20., -20., -20., -20.,   0.],
        [140., -20., -20., -20., -20., -20., -20., -20., -20.,   0.]])
0:easy
1:medium
2:hard

2018-10-12 14:55:25,175: 
 -- e:/yangsen/ysstronger/pose/github-ys/human-pose-estimation.pytorch/meta-batch/03_Meta-batch.py 
 --[line:280]
 -- INFO: ==>> difficult table is 
tensor([[ 80., -20., -20., -20., -20., -20., -20., -20., -20.,   0.],
        [ 80., -20., -20., -20., -20., -20., -20., -20., -20.,   0.],
        [ 80., -20., -20., -20., -20., -20., -20., -20., -20.,   0.],
        [ 80., -20., -20., -20., -20., -20., -20., -20., -20.,   0.],
        [ 80., -20., -20., -20., -20., -20., -20., -20., -20.,   0.],
        [ 80., -20., -20., -20., -20., -20., -20., -20., -20.,   0.],
        [ 80., -20., -20., -20., -20., -20., -20., -20., -20.,   0.],
        [ 80., -20., -20., -20., -20., -20., -20., -20., -20.,   0.],
        [ 80., -20., -20., -20., -20., -20., -20., -20., -20.,   0.],
        [ 80., -20., -20., -20., -20., -20., -20., -20., -20.,   0.],
        [ 80., -20., -20., -20., -20., -20., -20., -20., -20.,   0.],
        [140., -20., -20., -20., -20., -20., -20., -20., -20.,   0.],
        [ 80., -20., -20., -20., -20., -20., -20., -20., -20.,   0.],
        [ 80., -20., -20., -20., -20., -20., -20., -20., -20.,   0.],
        [ 80., -20., -20., -20., -20., -20., -20., -20., -20.,   0.],
        [ 80., -20., -20., -20., -20., -20., -20., -20., -20.,   0.],
        [ 80., -20., -20., -20., -20., -20., -20., -20., -20.,   0.],
        [ 80., -20., -20., -20., -20., -20., -20., -20., -20.,   0.],
        [ 80., -20., -20., -20., -20., -20., -20., -20., -20.,   0.],
        [ 80., -20., -20., -20., -20., -20., -20., -20., -20.,   0.],
        [ 80., -20., -20., -20., -20., -20., -20., -20., -20.,   0.],
        [ 80., -20., -20., -20., -20., -20., -20., -20., -20.,   0.],
        [ 80., -20., -20., -20., -20., -20., -20., -20., -20.,   0.],
        [ 80., -20., -20., -20., -20., -20., -20., -20., -20.,   0.],
        [140., -20., -20., -20., -20., -20., -20., -20., -20.,   0.],
        [140., -20., -20., -20., -20., -20., -20., -20., -20.,   0.],
        [ 80., -20., -20., -20., -20., -20., -20., -20., -20.,   0.],
        [ 80., -20., -20., -20., -20., -20., -20., -20., -20.,   0.],
        [ 80., -20., -20., -20., -20., -20., -20., -20., -20.,   0.],
        [ 80., -20., -20., -20., -20., -20., -20., -20., -20.,   0.],
        [140., -20., -20., -20., -20., -20., -20., -20., -20.,   0.],
        [ 80., -20., -20., -20., -20., -20., -20., -20., -20.,   0.],
        [140., -20., -20., -20., -20., -20., -20., -20., -20.,   0.],
        [140., -20., -20., -20., -20., -20., -20., -20., -20.,   0.],
        [ 80., -20., -20., -20., -20., -20., -20., -20., -20.,   0.],
        [ 80., -20., -20., -20., -20., -20., -20., -20., -20.,   0.]])
0:easy
1:medium
2:hard

2018-10-12 14:56:33,808: 
 -- e:/yangsen/ysstronger/pose/github-ys/human-pose-estimation.pytorch/meta-batch/03_Meta-batch.py 
 --[line:280]
 -- INFO: ==>> difficult table is 
tensor([[ 80., -20., -20., -20., -20., -20., -20., -20., -20.,   0.],
        [ 80., -20., -20., -20., -20., -20., -20., -20., -20.,   0.],
        [140., -20., -20., -20., -20., -20., -20., -20., -20.,   0.],
        [ 80., -20., -20., -20., -20., -20., -20., -20., -20.,   0.],
        [ 80., -20., -20., -20., -20., -20., -20., -20., -20.,   0.],
        [ 80., -20., -20., -20., -20., -20., -20., -20., -20.,   0.],
        [140., -20., -20., -20., -20., -20., -20., -20., -20.,   0.],
        [ 80., -20., -20., -20., -20., -20., -20., -20., -20.,   0.],
        [ 80., -20., -20., -20., -20., -20., -20., -20., -20.,   0.],
        [ 80., -20., -20., -20., -20., -20., -20., -20., -20.,   0.],
        [ 80., -20., -20., -20., -20., -20., -20., -20., -20.,   0.],
        [ 80., -20., -20., -20., -20., -20., -20., -20., -20.,   0.],
        [ 80., -20., -20., -20., -20., -20., -20., -20., -20.,   0.],
        [ 80., -20., -20., -20., -20., -20., -20., -20., -20.,   0.],
        [ 80., -20., -20., -20., -20., -20., -20., -20., -20.,   0.],
        [ 80., -20., -20., -20., -20., -20., -20., -20., -20.,   0.],
        [ 80., -20., -20., -20., -20., -20., -20., -20., -20.,   0.],
        [ 80., -20., -20., -20., -20., -20., -20., -20., -20.,   0.],
        [140., -20., -20., -20., -20., -20., -20., -20., -20.,   0.],
        [ 80., -20., -20., -20., -20., -20., -20., -20., -20.,   0.],
        [140., -20., -20., -20., -20., -20., -20., -20., -20.,   0.],
        [ 80., -20., -20., -20., -20., -20., -20., -20., -20.,   0.],
        [ 80., -20., -20., -20., -20., -20., -20., -20., -20.,   0.],
        [ 80., -20., -20., -20., -20., -20., -20., -20., -20.,   0.],
        [ 80., -20., -20., -20., -20., -20., -20., -20., -20.,   0.],
        [ 80., -20., -20., -20., -20., -20., -20., -20., -20.,   0.],
        [ 80., -20., -20., -20., -20., -20., -20., -20., -20.,   0.],
        [ 80., -20., -20., -20., -20., -20., -20., -20., -20.,   0.],
        [ 80., -20., -20., -20., -20., -20., -20., -20., -20.,   0.],
        [ 80., -20., -20., -20., -20., -20., -20., -20., -20.,   0.],
        [ 80., -20., -20., -20., -20., -20., -20., -20., -20.,   0.],
        [140., -20., -20., -20., -20., -20., -20., -20., -20.,   0.],
        [140., -20., -20., -20., -20., -20., -20., -20., -20.,   0.],
        [ 80., -20., -20., -20., -20., -20., -20., -20., -20.,   0.],
        [ 80., -20., -20., -20., -20., -20., -20., -20., -20.,   0.],
        [ 80., -20., -20., -20., -20., -20., -20., -20., -20.,   0.]])
0:easy
1:medium
2:hard

2018-10-12 14:57:31,098: 
 -- e:/yangsen/ysstronger/pose/github-ys/human-pose-estimation.pytorch/meta-batch/03_Meta-batch.py 
 --[line:280]
 -- INFO: ==>> difficult table is 
tensor([[140., -20., -20., -20., -20.,   0.],
        [ 80., -20., -20., -20., -20.,   0.],
        [ 80., -20., -20., -20., -20.,   0.],
        [ 80., -20., -20., -20., -20.,   0.],
        [ 80., -20., -20., -20., -20.,   0.],
        [ 80., -20., -20., -20., -20.,   0.],
        [ 80., -20., -20., -20., -20.,   0.],
        [ 80., -20., -20., -20., -20.,   0.],
        [ 80., -20., -20., -20., -20.,   0.],
        [ 80., -20., -20., -20., -20.,   0.],
        [ 80., -20., -20., -20., -20.,   0.],
        [ 80., -20., -20., -20., -20.,   0.],
        [ 80., -20., -20., -20., -20.,   0.],
        [ 80., -20., -20., -20., -20.,   0.],
        [140., -20., -20., -20., -20.,   0.],
        [ 80., -20., -20., -20., -20.,   0.]])
0:easy
1:medium
2:hard

2018-10-12 14:59:42,244: 
 -- e:/yangsen/ysstronger/pose/github-ys/human-pose-estimation.pytorch/meta-batch/03_Meta-batch.py 
 --[line:280]
 -- INFO: ==>> difficult table is 
tensor([[ 80., -20., -20., -20., -20.,   0.],
        [ 80., -20., -20., -20., -20.,   0.],
        [ 80., -20., -20., -20., -20.,   0.],
        [ 80., -20., -20., -20., -20.,   0.],
        [ 80., -20., -20., -20., -20.,   0.],
        [140., -20., -20., -20., -20.,   0.],
        [ 80., -20., -20., -20., -20.,   0.],
        [ 80., -20., -20., -20., -20.,   0.],
        [ 80., -20., -20., -20., -20.,   0.],
        [ 80., -20., -20., -20., -20.,   0.],
        [ 80., -20., -20., -20., -20.,   0.],
        [ 80., -20., -20., -20., -20.,   0.],
        [ 80., -20., -20., -20., -20.,   0.],
        [ 80., -20., -20., -20., -20.,   0.],
        [ 80., -20., -20., -20., -20.,   0.],
        [ 80., -20., -20., -20., -20.,   0.]])
0:easy
1:medium
2:hard

2018-10-12 15:00:25,075: 
 -- e:/yangsen/ysstronger/pose/github-ys/human-pose-estimation.pytorch/meta-batch/03_Meta-batch.py 
 --[line:280]
 -- INFO: ==>> difficult table is 
tensor([[ 80., -20., -20., -20., -20.,   0.],
        [ 80., -20., -20., -20., -20.,   0.],
        [140., -20., -20., -20., -20.,   0.],
        [ 80., -20., -20., -20., -20.,   0.],
        [ 80., -20., -20., -20., -20.,   0.],
        [ 80., -20., -20., -20., -20.,   0.],
        [ 80., -20., -20., -20., -20.,   0.],
        [ 80., -20., -20., -20., -20.,   0.],
        [ 80., -20., -20., -20., -20.,   0.],
        [ 80., -20., -20., -20., -20.,   0.],
        [ 80., -20., -20., -20., -20.,   0.],
        [ 80., -20., -20., -20., -20.,   0.],
        [140., -20., -20., -20., -20.,   0.],
        [ 80., -20., -20., -20., -20.,   0.],
        [ 80., -20., -20., -20., -20.,   0.],
        [ 80., -20., -20., -20., -20.,   0.]])
0:easy
1:medium
2:hard

2018-10-12 15:10:37,776: 
 -- e:/yangsen/ysstronger/pose/github-ys/human-pose-estimation.pytorch/meta-batch/03_Meta-batch.py 
 --[line:284]
 -- INFO: ==>> difficult table is 
tensor([[ 80., -20., -20., -20., -20.,   0.],
        [ 80., -20., -20., -20., -20.,   0.],
        [ 80., -20., -20., -20., -20.,   0.],
        [ 80., -20., -20., -20., -20.,   0.],
        [ 80., -20., -20., -20., -20.,   0.],
        [ 80., -20., -20., -20., -20.,   0.],
        [ 80., -20., -20., -20., -20.,   0.],
        [ 80., -20., -20., -20., -20.,   0.],
        [140., -20., -20., -20., -20.,   0.],
        [ 80., -20., -20., -20., -20.,   0.],
        [ 80., -20., -20., -20., -20.,   0.],
        [ 80., -20., -20., -20., -20.,   0.],
        [ 80., -20., -20., -20., -20.,   0.],
        [ 80., -20., -20., -20., -20.,   0.],
        [ 80., -20., -20., -20., -20.,   0.],
        [ 80., -20., -20., -20., -20.,   0.]])
0:easy
1:medium
2:hard
